11100000
00000000
00000000
01000000
00000000
00000000
00000000
00000000
00001000
00000001
00000000
00001000
01001000
00000010
00000000
00000010
00000000
00100010
00011000
00000000
00000100
01100001
00101000
00000000
01000100
01100010
00100000
00000000
01000000
00100010
01000000
00000000
10000001
00000000
01011000
00000000
11101000
00000000
00000000
01001101
10011100
00100010
00110000
00000000
10011100
01000001
00111000
00000000
01100000
01000000
00010000
10000000
11010000
00100010
11111111
11111110
11111100
00000000
00000000
00000000
11000000
00101011
00000000
00000010
11000100
00101010
00000000
00000010
11100111
11100000
00000000
00000000
